# The following vector are sample numbers from Oregon that used to exist in the
# data that were considered "bad" samples. In previous versions of the cleanPacFIN
# these samples were removed.  However, these sample numbers no longer available
# in PacFIN

badORnums <- c(
  "781067",
  "781068",
  "781069",
  "781070",
  "781071",
  "791069",
  "791070",
  "791071",
  "791072",
  "791073",
  "791074",
  "791075",
  "801141",
  "801142",
  "801143",
  "801144",
  "801145",
  "811169",
  "811170",
  "811171",
  "811172",
  "811173",
  "811174",
  "820001",
  "821300",
  "821301",
  "821302",
  "821303",
  "832042",
  "832043",
  "832044",
  "851253",
  "851254",
  "851255",
  "851256",
  "851257",
  "851258",
  "851259",
  "851260",
  "851261",
  "851262",
  "851263",
  "851264",
  "851265",
  "851266",
  "851267",
  "851268",
  "851269",
  "851270",
  "851271",
  "851272",
  "851273",
  "851274",
  "851275",
  "851276",
  "851277",
  "851278",
  "851279",
  "851280",
  "851281",
  "851282",
  "860001",
  "860002",
  "869251",
  "869252",
  "869253",
  "869254",
  "869255",
  "869256",
  "869257",
  "869258",
  "869259",
  "869260",
  "869261",
  "869262",
  "869263",
  "869264",
  "869265",
  "869266",
  "869267",
  "869268",
  "869269",
  "869270",
  "869271",
  "869272",
  "869273",
  "869274",
  "869275",
  "869276",
  "869277",
  "869278",
  "869279",
  "869280",
  "869281",
  "869282",
  "869283",
  "869284",
  "869285",
  "869286",
  "869287",
  "869288",
  "869289",
  "869290",
  "869291",
  "869292",
  "869293",
  "869294",
  "869295",
  "869296",
  "869297",
  "869298",
  "869299",
  "869300",
  "869301",
  "869302",
  "869303",
  "869304",
  "869305",
  "869306",
  "869307",
  "869308",
  "869309",
  "869310",
  "869311",
  "869312",
  "869313",
  "869314",
  "869315",
  "869316",
  "869317",
  "869318",
  "869319",
  "869320",
  "869321",
  "869322",
  "869323",
  "869324",
  "869325",
  "869326",
  "869327",
  "869328",
  "869329",
  "869330",
  "869331",
  "869332",
  "869333",
  "869334",
  "869335",
  "869336",
  "869337",
  "869338",
  "869339",
  "869340",
  "869341",
  "869342",
  "869343",
  "869344",
  "869345",
  "869346",
  "869347",
  "869348",
  "869349",
  "869350",
  "869351",
  "869352",
  "869353",
  "869354",
  "869355",
  "869356",
  "869357",
  "869358"
)
